0.0,0
1.0,1
0.0,0
1.0,1
0.0,0
1.0,1
1.0,1
1.0,1
1.0,1
0.0,0
1.0,1
1.0,1
1.0,1
1.0,1
0.0,0
0.0,0
0.0,0
1.0,1
1.0,1
0.0,0
1.0,1
0.0,0
0.0,0
1.0,1
1.0,1
0.0,0
1.0,1
0.0,0
0.0,0
1.0,1
0.0,0
1.0,1
0.0,0
0.0,0
0.0,0
0.0,0
0.0,0
1.0,1
0.0,0
2.0000977800126622E-262,0
0.0,0
0.0,0
0.0,0
3.788671102140592E-274,0
1.0,1
1.0,1
1.0,1
0.0,0
1.0,1
0.0,0
1.0,1
1.0,1
0.0,0
0.0,0
0.0,0
0.0,0
1.0,1
1.0,1
0.0,0
0.0,0
0.0,0
1.0,1
1.377220037850218E-56,0
0.0,0
0.0,0
1.0,1
0.0,0
1.0,1
3.6510459276549226E-266,0
5.0281510641647244E-135,0
1.0,1
0.0,0
1.0,1
1.0,1
1.0,1
1.0,0
0.0,0
1.0,1
0.0,0
5.881852018367516E-17,1
0.0,0
1.0,1
2.5064333547460676E-232,0
0.0,0
0.0,0
1.0,1
0.0,0
0.0,0
1.192496087870847E-140,0
0.0,0
1.0,1
1.0,1
1.0,1
0.0,0
1.0,1
0.0,0
1.0,1
0.0,0
0.0,0
0.0,0
0.0,0
1.0,1
1.0,1
1.0,1
1.0,1
1.0,1
0.0,0
0.0,0
0.0,0
0.0,0
1.0,1
1.0,1
1.0,1
1.0,1
0.0,0
0.0,0
1.0,1
0.0,0
1.0,1
1.0,1
1.0,1
2.990045152542732E-118,0
2.1661285219547782E-45,1
0.0,0
0.0,0
2.4622372990144802E-17,0
1.0,1
0.0,0
1.0,1
3.2749124260030434E-235,0
0.0,0
0.0,0
1.0,1
1.0,1
0.0,0
1.3323542841981377E-188,0
2.8543417381585965E-199,0
1.0,1
1.0,1
1.0,1
1.0,1
1.0,1
0.0,0
1.0,1
0.0,0
1.0,1
0.0,0
1.0,1
0.0,0
1.0,1
0.0,0
1.0,1
0.0,0
1.0,1
0.0,0
1.3173497438438966E-269,0
1.0,1
1.0,1
0.0,0
0.0,0
1.0,1
0.0,0
0.0,0
1.0,1
1.0,1
0.0,0
1.0,1
0.0,0
1.0,1
0.0,0
0.0,0
0.0,0
0.0,0
0.0,0
0.0,0
1.0,1
0.0,0
1.0,1
0.0,0
1.0,1
0.0,0
1.0,1
3.600010091384748E-153,0
0.0,0
8.740719950188306E-157,0
1.0,1
1.0,1
0.0,0
0.0,0
1.0,1
0.0,0
0.0,0
0.0,0
1.0,1
0.0,0
0.0,0
0.0,0
8.206774331170864E-307,0
1.0,1
0.0,0
1.5E-323,0
0.0,0
1.0,1
0.0,0
0.0,0
1.0,1
1.0,1
0.0,0
1.0,1
0.0,0
0.0,0
0.0,0
0.0,0
0.0,0
1.0,1
1.0,1
1.0,1
1.0,1
1.2536405633024176E-177,0
0.0,0
1.0,1
1.6754686E-315,0
1.0,1
1.0,1
0.0,0
1.0,1
0.0,0
0.0,0
1.0,1
0.0,0
0.0,0
1.0,1
1.0,1
1.0,1
0.0,0
5.082576925527701E-53,0
0.0,0
1.0,1
1.0,1
1.0,1
0.0,0
1.0,1
0.0,0
0.0,0
1.0,1
0.0,0
1.0,1
0.0,0
1.0,1
1.0,1
1.0,1
1.0,1
1.0,1
0.0,0
0.0,0
1.0,1
1.0,1
1.0,1
1.0,1
0.0,0
0.0,0
0.0,0
1.0,1
0.0,0
1.0,1
0.0,0
1.0,1
0.0,0
0.0,0
1.5967498412054584E-143,0
0.0,0
0.0,0
1.0,1
0.0,0
1.0,1
1.0,0
1.0,1
1.0,1
0.0,0
0.0,0
0.0,0
1.0,1
0.0,0
1.0,0
0.0,0
8.907067593844864E-296,0
1.0,1
0.0,0
1.0,1
0.0,0
0.0,0
1.0,1
0.0,0
1.0,1
1.0,1
0.0,0
0.0,0
0.0,0
1.0,1
1.0,1
1.0,1
0.0,0
0.0,0
0.0,0
0.0,0
1.0,1
1.0,1
0.0,0
0.0,0
1.0,1
0.0,0
0.0,0
1.0,1
0.0,0
4.2751674762E-313,0
0.0,0
1.0,1
4.147187016364602E-301,0
1.0,1
1.0,1
1.0,1
0.0,0
0.0,0
1.0,1
0.0,0
0.0,0
0.0,0
0.0,0
0.0,0
1.0,1
0.0,0
1.0,1
0.0,0
0.0,0
0.0,0
0.0,0
1.0,1
1.0,1
0.0,0
2.02930874021E-312,0
1.0,1
0.0,0
0.0,0
0.0,0
0.0,0
1.0,1
1.859603823154847E-272,0
1.0,1
1.0,1
0.0,0
0.0,0
1.0,1
1.0,1
0.0,0
0.0,0
1.0,1
0.0,0
0.0,0
3.179469229287914E-76,1
0.0,0
0.0,0
0.0,0
1.0,1
0.0,0
1.0,1
3.1862394604583786E-117,0
1.0,1
0.0,0
1.0,1
1.0,1
1.0,1
1.0,1
1.0,1
1.0,1
1.0,1
0.0,0
0.0,0
1.0,1
1.5588821709005094E-149,0
1.0,1
0.0,0
2.23332187374E-312,0
0.0,0
1.0,1
0.0,0
0.0,0
0.0,0
0.0,0
1.0,1
0.0,0
0.0,0
1.0,1
0.0,0
6.738423935434604E-23,0
1.0,1
1.0,1
1.0,1
1.0,1
1.0,1
0.0,0
0.0,0
1.0,1
0.0,0
1.4127356786959419E-217,0
0.0,0
0.0,0
0.0,0
0.0,0
1.0,1
1.0,1
1.0,1
1.0,1
1.0,1
1.0,1
0.0,0
1.0,1
1.0,1
0.0,0
1.0,1
0.0,0
1.0,1
0.0,0
0.0,0
1.0,1
0.0,0
2.3392766310757823E-213,0
1.0,1
0.0,0
0.0,0
0.0,0
1.3830513282136493E-9,0
1.0,1
1.0,1
0.0,0
1.0,1
0.0,0
0.0,0
1.0,1
0.0,0
1.0,1
1.0,1
0.0,0
1.0,1
0.0,0
0.0,0
9.110369521785162E-202,0
1.0,1
0.0,0
0.0,0
0.0,0
0.0,0
1.0,1
1.0,1
0.0,0
0.0,0
1.0,1
0.0,0
0.0,0
1.0,1
1.0,1
1.0,1
0.0,0
1.0,1
1.0,1
0.0,0
1.0,1
0.0,0
1.0,1
5.205141794625663E-18,0
1.0,1
2.944003729388383E-215,0
0.0,0
0.0,0
2.8609129331276657E-114,0
1.0,1
0.0,0
1.0,1
1.0,1
0.0,0
0.0,0
0.0,0
1.0,1
1.0,1
1.6850792552101122E-259,0
0.0,0
1.0,1
0.0,0
1.0,1
0.0,0
0.0,0
2.7670592272731464E-231,0
0.0,0
1.4210206446495132E-85,0
0.0,0
1.0,1
0.0,0
1.0,1
1.0,1
1.0,1
1.0,1
1.0,1
1.0,1
0.0,0
1.0,1
1.0,1
0.0,0
1.0,1
0.0,0
0.0,0
0.0,0
0.0,0
1.0,1
0.0,0
1.0,1
0.0,0
0.0,0
0.0,0
1.0,1
1.0,1
1.0,1
1.0,1
1.0,1
0.0,0
0.0,0
1.0,1
0.0,0
0.0,0
1.0,1
0.0,0
1.0,1
0.0,0
0.0,0
1.0,1
1.0,1
1.0,1
0.0,0
0.0,0
0.0,0
1.0,1
0.0,0
0.0,0
0.0,0
0.0,0
1.0,1
0.0,0
0.0,0
0.0,0
1.0,1
8.848460600049447E-159,0
1.0,1
2.03309217656837E-281,0
0.0,0
1.0,1
0.0,0
0.0,0
1.0,1
0.0,0
1.0,1
1.0,1
1.0,1
1.0,1
1.0,1
1.0,1
0.0,0
0.0,0
1.0,1
1.0,1
1.0,1
1.0,1
1.0822552026093254E-81,1
1.0,1
4.0403504553966863E-258,0
0.0,0
1.0,1
0.0,0
9.33792248577476E-217,0
0.0,0
0.0,0
0.0,0
0.0,0
1.0,1
0.0,0
1.0,1
2.0437605669229014E-119,1
0.0,0
0.0,0
1.0,1
2.0281956633271306E-34,0
0.0,0
1.0,1
0.0,0
0.0,0
0.0,0
1.0,1
1.0,1
0.0,0
0.0,0
1.3678137432243071E-164,1
0.0,0
0.0,0
1.0,1
1.0,1
0.0,0
0.0,0
0.0,0
0.0,0
0.0,0
0.0,0
1.0,1
0.0,0
0.0,0
0.0,0
0.0,0
6.874242811654399E-303,0
1.0,1
0.0,0
0.0,0
1.0,1
0.0,0
1.0,1
2.5280466754484465E-174,1
1.0,1
1.9327528228556492E-163,0
1.0,1
0.0,0
1.0,1
0.0,0
0.0,0
1.0,1
0.0,0
0.0,0
1.0,1
1.0,1
0.0,0
1.0,1
0.0,0
0.0,0
0.0,0
0.0,0
1.0,1
0.0,0
1.0,1
1.0,1
1.0,1
1.0,1
1.0,1
1.0,1
1.0,1
1.0,1
0.0,0
0.0,0
0.0,0
0.0,0
0.0,0
1.0,1
0.0,0
3.550863622546902E-269,0
1.0,1
0.0,0
1.0,1
0.0,0
0.0,0
0.0,0
1.0,1
0.0,0
1.2705460253869568E-262,0
0.0,0
0.0,0
1.0,1
1.0,1
0.0,0
0.0,0
0.0,0
0.0,0
0.0,0
1.0,1
1.0,1
1.0,1
0.0,0
0.9999999985098964,1
0.0,0
0.0,0
2.3855069546292165E-95,1
0.0,0
0.0,0
1.0,1
1.0,1
1.0,1
1.0,1
0.0,0
0.0,0
1.0,1
1.0,1
0.0,0
0.0,0
0.0,0
1.0,1
0.0,0
0.0,0
0.0,0
1.0,1
1.0,1
0.0,0
0.0,0
0.0,0
1.0,1
0.0,0
0.0,0
1.0,1
0.0,0
1.0,1
1.0,1
0.0,0
1.0,1
0.0,0
1.0,1
1.0817140164799146E-224,0
1.0,1
0.0,0
0.0,0
1.0,1
1.0,1
0.0,0
1.0,1
1.0,1
1.0,1
1.0,1
1.0,1
0.0,0
1.0,1
1.0,1
2.9050290018824545E-221,0
1.0,1
3.96128959008476E-140,0
7.171529868555866E-77,1
1.0,1
8.078418737656695E-284,0
0.0,0
1.0,1
0.0,0
0.0,0
0.0,0
0.0,0
1.0,1
1.0,1
1.2843260004096174E-164,0
0.0,0
2.6966502097679036E-205,0
8.203356792420484E-263,0
1.0,1
0.0,0
0.0,0
0.0,0
1.0,1
0.0,0
0.0,0
1.0,1
1.0,1
1.0,1
1.0,1
0.0,0
1.0,1
0.0,0
0.0,0
1.0,1
1.0,1
0.0,0
0.0,0
0.0,0
0.0,0
0.0,0
0.0,0
0.0,0
1.0,1
0.0,0
0.0,0
1.0,1
0.0,0
0.0,0
1.0,1
1.0,1
1.0,1
1.0,1
1.0,1
1.0,1
1.0,1
0.0,0
1.0,1
0.0,0
1.0,1
1.0,1
0.0,0
0.0,0
1.0,1
1.0,1
0.0,0
1.0,1
1.0,1
1.0,1
1.0,1
1.0,1
0.0,0
0.0,0
1.0,1
1.0,1
1.0,1
1.0,1
0.0,0
0.0,0
0.0,0
0.0,0
0.0,0
1.0,1
1.45510193259386E-309,0
0.0,0
0.0,0
1.0,1
0.0,0
0.0,0
0.0,0
1.0,1
1.0,1
0.9918660599832823,1
1.0,1
0.0,0
0.0,0
1.0,1
0.0,0
0.0,0
1.0,1
1.0,1
0.0,0
0.0,0
1.0,1
1.0,1
1.0,1
2.4273725483678252E-46,0
0.0,0
1.0,1
0.0,0
0.0,0
0.0,0
1.0,1
0.0,0
0.0,0
1.0,1
2.0859512609363165E-277,0
0.0,0
1.0,1
2.7317937936957526E-184,0
0.0,0
0.0,0
0.0,0
1.0,1
1.903883054412778E-279,0
0.0,0
0.0,0
0.0,0
1.0591503070078925E-135,1
0.0,0
1.0,1
0.0,0
1.0,1
1.0,1
0.0,0
4.9E-324,0
0.0,0
1.0,1
1.0,1
0.0,0
0.0,0
0.0,0
1.0,1
0.0,0
1.0,1
6.747871492968324E-10,0
1.0,1
0.0,0
0.0,0
1.0,1
1.0,1
0.0,0
0.0,0
0.0,0
0.0,0
0.0,0
0.0,0
0.0,0
0.0,0
0.0,0
0.0,0
0.0,0
0.0,0
1.0,0
5.032425787748946E-125,0
1.0,1
0.0,0
1.0,1
5.020099712856179E-193,0
0.0,0
1.0,1
0.0,0
0.0,0
0.9587151050766297,0
1.0,1
1.0,1
1.0,1
2.491399483110904E-25,1
1.0,1
0.0,0
1.0,1
0.0,0
0.0,0
1.0,1
0.0,0
0.0,0
1.0,1
0.0,0
1.0,1
1.0,1
0.0,0
0.0,0
0.0,0
0.0,0
0.0,0
0.0,0
1.0,1
1.0,1
3.0116631129575052E-266,0
0.0,0
1.0,1
1.0,1
1.0,1
0.0,0
0.0,0
1.0,1
0.0,0
1.0,1
0.0,0
1.0,1
1.0,1
1.0,1
0.0,0
1.0,1
1.0,1
1.0,1
0.0,0
1.0,1
1.0,1
1.0,1
1.0,1
1.0,1
0.0,0
1.0,1
1.0,1
1.0,1
0.0,0
1.0,1
1.0,1
0.0,0
0.0,0
1.0,1
0.0,0
0.0,0
0.0,0
0.0,0
0.0,0
0.0,0
0.0,0
0.0,0
0.0,0
1.0,1
1.0,1
0.0,0
0.0,0
1.0,1
0.0,0
0.0,0
1.0,1
1.0,1
1.0,1
1.0,1
1.0,1
0.0,0
0.0,0
1.0,1
1.0,1
0.0,0
0.0,0
0.0,0
9.437886486460864E-215,0
0.0,0
0.0,0
0.0,0
1.0,1
0.0,0
0.0,0
0.0,0
1.0,1
0.0,0
0.0,0
0.0,0
0.0,0
1.0,1
1.0,1
1.4015378072393541E-258,0
1.0,1
0.0,0
1.0,1
0.0,0
1.0,1
0.9999999999610355,1
1.0,1
1.0,1
0.0,0
1.0,1
0.0,0
1.0,1
1.0,1
0.0,0
0.0,0
0.0,0
1.0,1
1.0,1
0.0,0
0.0,0
1.0,1
1.0,1
1.0,1
0.0,0
1.0,1
1.0,1
1.0,1
0.0,0
0.0,0
0.0,0
0.0,0
0.0,0
1.0,1
1.0,1
0.0,0
1.0,1
1.0,1
0.0,0
5.424552037421575E-92,0
0.0,0
1.0,1
0.0,0
0.0,0
8.791622385146292E-185,0
0.0,0
0.0,0
0.0,0
0.0,0
1.0,1
1.0,1
1.0,1
1.0,1
1.0,1
1.0,1
1.0,1
1.0,1
1.0,1
0.9997608340814934,1
0.0,0
0.0,0
0.0,0
1.0,1
0.0,0
0.0,0
1.0,1
0.0,0
1.0,1
0.0,0
1.0,1
1.0,1
0.0,0
0.0,0
0.0,0
0.0,0
0.0,0
1.0,1
1.0,1
1.0,1
0.0,0
0.0,0
0.0,0
1.0,1
0.0,0
0.0,0